2,243,175,34834834,1534318
6,186340,140000,478,22
8,185951,140000,371,23
10,193819,140000,377,17
12,200895,140000,368,20
28,9,5,115,3
30,56,5,343,12
36,4500,134,1726,82
39,9,2,396812,22230
40,18,5,630629,24005
41,35,23,1963858,95787
42,48,36,1564680,20564
43,110,80,1136995,21575
44,309,195,70677,11
45,57,2,62848,600
46,45,26,17378,12
47,50,33,76866,1
48,5,2,140490,8469
50,5,1,48827,1620
52,7,3,3994634,200204
53,19,9,5446361,263721
54,4,2,109265,3842
56,7,3,321210,10773
58,15,8,1272417,78902
60,9,4,173648,10234
62,113,55,9459497,147467
64,36,14,334104,15926
66,509,417,2750686,156962
68,263,133,102431,1617
70,1250,1134,2055560,91953
72,752,450,16661,27
91,230,56,111938,4496
93,80,28,26414,260
95,116,85,147607,592
97,735,468,155776,3027
99,7310,5435,273583,8023
101,1304,981,211399,7787
103,2894,1753,230778,7847
105,3243,2300,216215,3828
107,2142,962,112968,8
109,4960,2384,224757,12019
111,6010,5655,2016,3
113,944,289,138874,2311
115,617,213,94896,2129
117,454,203,3435,134
119,250,135,2640,53
121,36,2,124531,4430
123,20,12,2190,3
125,15,13,1461,1
127,450,144,15518,334
129,250,232,257,4
131,182,150,203,4
133,400,358,3750,1
135,250,227,86,1
137,154,145,85,1
139,6847,5156,292481,14192
141,4339,3514,3567,59
143,2141,1718,2652,88
145,716,320,146233,1974
147,602,400,2778,125
149,356,200,4463,218
151,4500,1960,6285,65
153,2800,2603,327,1
155,1300,1228,37,2
157,4693,2638,128993,4652
159,3331,2362,3577,135
161,1774,1234,6649,105
163,2814,808,66341,1835
165,1850,1072,914,10
167,724,500,802,12
169,4762,2064,118110,607
171,3000,1715,4422,208
173,1522,931,6121,130
175,1150,416,15554,255
177,800,640,259,10
179,475,390,525,7
181,2100,1091,18969,471
183,1400,1095,458,4
185,708,606,956,5
187,850,296,7369,24
189,6000,5048,1158,11
191,4000,3834,27,1
193,2000,1976,100,3
197,1083,125,363,1
199,180,6,743884,19119
201,58,5,346496,13245
203,58,18,345471,8787
205,631,320,351396,14647
207,6949,5187,511685,19197
209,1099,729,301017,6888
211,2763,1488,264358,7624
213,3002,1483,246246,7505
215,2145,446,138517,4932
217,4376,1354,163177,5463
219,8169,5066,24833,404
221,8,2,1255502,33207
223,123,47,749196,26933
225,2055,894,434986,18870
227,8,4,7480999,360456
229,4,2,2797034,101752
231,67,25,1558566,55620
233,618,74,4541,162
235,1150,465,41180,1347
237,950,359,55650,2042
239,1460,613,259179,6614
241,500,130,112394,3714
243,628,458,30172,242
245,1657,937,408989,9693
247,6800,1147,3550,22
249,198,13,411002,20052
251,63,5,616609,5564
253,67,17,479377,4990
255,653,333,260792,11993
257,6936,5224,298030,12789
259,1155,774,217135,4114
261,2838,1545,261671,9811
263,3041,1590,131227,5078
265,2171,508,90501,1205
267,4491,1408,187389,5629
269,8883,4590,133426,6162
272,217,200,42,1
273,58,50,27,1
288,2232,177,3327,177
299,318,52,78396,1012
301,398,93,2580,65
303,347,70,5174,278
305,301,90,356,4
307,337,80,1273,41
309,302,80,1241,63
311,155,70,965,23
313,14,4,1981078,102201
314,4,2,56492499,2718179
315,36,3,157726,4653
317,28,5,368311,6788
319,239,42,133750,3953
321,78,13,188297,1045
325,10,1,130340,2012
327,495,4,71721,2531
329,92,42,778366,25733
331,80,45,800843,22664
333,49,18,1145338,40534
335,54,17,1070191,35683
339,45,31,4733,1
341,77,40,7773,58
345,60,31,59837,2654
347,16,4,29914,530
349,100,42,10656,603
351,45,20,39300,222
353,1500,94,17078,313
355,210,32,9612,86
359,136,63,2089854,94929
361,126,70,1774523,81557
363,2500,1220,2752,23
365,800,289,6285,22
371,480,288,1821297,42750
373,507,285,2089182,116785
377,270,156,7019991,219879
379,270,159,5973396,324007
383,928,566,8029268,359518
385,1119,732,9251909,400213
389,10750,7392,488,2
391,5145,3025,519,1
395,3814,2800,195,3
397,3216,2500,110,1
401,81,38,848622,43480
403,91,39,846,6
405,28756,1140,1493,62
407,650,106,11951,30
411,300,63,3271,18
413,630,400,603,6
426,4200,130,1575,52
428,1200,89,738,25
434,246,88,876152,3295
436,91,19,392346,9961
438,90,15,366700,12224
440,89,34,11268162,351131
442,209,74,174809,4171
444,306,216,4965449,311887
447,467,248,2329845,122586
449,1422,1065,862916,37178
451,12622,11060,233682,12714
453,211,119,15806414,751693
464,1097,434,5206,64
526,94,56,159977,4965
528,122,100,443,1
530,500,271,880,24
532,376,209,604751,22930
534,1159,500,40623,1076
536,3029,1846,4088916,160079
538,3950,3307,37,1
540,2149,1976,39,2
542,2375,154,17326,719
544,2271,213,23123,681
546,35000,2020,420,9
548,32000,1477,501,3
554,5,3,140062454,7101658
555,5,4,29651484,1499289
556,6,5,133780959,8426252
557,6,5,24719521,1655499
558,4,3,172157807,11722157
559,10,4,3231462,143177
560,272,209,21622492,1132057
561,284,224,34960168,1921310
562,104,90,26935273,1425649
563,251,179,9216781,476372
564,183,111,6991862,361017
565,390,225,9693252,522879
566,279,117,1974974,57611
567,67,10,1877397,120399
569,1786,1297,65096,3782
571,1721,1450,23486,676
573,1636,1019,1133932,59632
575,1450,1028,169487,1436
577,5228,2984,7439,222
579,969,329,10844,262
581,3822,2678,2728,109
590,104,24,7426,197
592,103,24,311760,3254
596,285,115,1172,35
621,51,50,3,1
626,15000,4148,918,1
628,9500,1428,667,8
630,8500,965,542,20
632,5500,2344,326,7
634,9000,3881,407,3
636,800,762,118,1
638,8500,912,452,13
640,15800,1547,478,15
642,11500,2434,310,6
644,3100,1907,154,1
646,16500,12199,88,1
648,11000,2460,149,8
650,3500,2689,219,1
652,4300,3208,82,1
654,11500,3012,178,7
656,3000,1102,882,11
658,4000,806,1227,29
660,8000,3363,375,4
662,5500,939,2078,22
664,4000,2156,670,1
751,2646,1495,399,1
753,1721,98,1848,126
800,3,2,90,1
801,36,35,990,1
802,4,3,772,1
803,41,40,29,1
804,52,50,30,4
805,2284,168,71702,345
806,38,26,73856,64
807,45,29,604668,28791
808,65,37,3756227,163789
809,98,63,9108925,468603
810,200,141,11173836,396270
811,1207,646,499194,27284
812,5,5,2,1
813,6,5,0,999999999
814,7,6,77,1
815,16,13,320,1
816,177,59,29176,1067
817,1138,470,77043,3523
819,17,10,12946,7
820,41,38,315884,2
821,90,59,1465743,69317
822,135,99,5570974,227583
823,255,211,5405434,237128
824,494,275,42827,1
825,1200,1146,71,1
826,30,25,1026,1
827,20,20,647,1
828,40,35,776,6
829,76,30,137787,3218
830,253,128,131013,2780
831,5,5,0,999999999
832,20,20,0,999999999
833,80,80,0,999999999
834,35,35,40,26
835,95,95,1,1
836,280,280,87,1
837,455,370,241,6
839,420,15,45338,726
841,110,11,11228,246
843,1995,17,12191,543
845,956,38,36888,734
847,134,67,98857,3185
849,190,29,19134,272
851,359,189,4936659,206013
853,722,102,181005,6273
855,749,620,6628629,278735
857,760,303,109166,5787
859,1470,1353,4835616,271557
861,1079,801,81574,1103
863,71,37,9553356,514964
864,46,30,686413,33610
865,104,41,671195,20356
866,210,53,379912,12238
867,448,53,115825,3199
868,1701,799,278199,14602
869,108,46,583927,27305
870,21,20,5,2
871,40,25,664,1
872,34,30,65,1
873,51,40,325,2
874,43,35,195,1
875,63,40,808,1
876,1663,1245,960,3
877,9,3,916384,47328
878,12,10,9,1
879,18,14,31724,1000
880,110,85,5834,1
881,76,65,96012,1
882,13,5,9380202,542263
883,40,40,45,1
884,18,10,12933073,879553
885,21,20,99,1
886,44,31,7244483,387935
887,9,6,1877,3
888,53,39,3050605,188194
889,83,80,1224,1
890,99,66,4961987,303057
891,101,100,18307,1
892,171,90,4833703,257945
893,550,308,8788,50
946,128,6,10547,254
948,100,54,2009,46
950,114,4,164782,769
952,250,71,3798,192
954,8075,33,94674,4270
958,120,50,9521,43
960,313,74,635095,16842
962,117740,37967,2601,55
970,1100,189,4414,95
973,8550,312,17740,118
975,13000,832,287,20
981,22333,13768,1142,23
983,4560,351,2832,119
985,26550,15340,8502,477
987,15913,4886,9118,427
989,35753,23873,9516,422
991,41300,4667,340,3
993,29534,22194,2194,56
1005,7300,200,1028,26
1007,188,30,3765,37
1009,400,74,346,6
1011,7000,144,3016,128
1013,500,69,963,43
1015,8000,2318,884,13
1017,3000,133,4227,174
1019,689,30,1640,54
1021,500,30,1088,7
1023,200,30,883,8
1025,16,5,424,7
1027,527,30,2475,28
1029,167,30,539,5
1031,125,30,267,3
1033,12634,1794,3349,170
1035,12632,2113,3306,118
1038,56464,20382,3657,80
1040,40205,16704,3884,82
1042,232988,43908,6687,150
1044,45018,20957,3717,105
1046,48251,21529,2963,68
1048,69097,24453,4355,98
1050,26584,11572,9391,356
1053,31905,14667,1981,60
1055,35143,17931,1831,98
1057,46874,19007,1818,51
1059,272,1,34247,2007
1061,219,65,29598,1632
1063,1091,2,19595,644
1065,1324,1224,108324,2844
1067,589,157,7015,360
1069,475,383,4480,145
1071,7262,1295,5789,202
1073,7519,3551,5198,249
1075,200,12,3137,83
1077,11115,2179,1215,51
1079,42318,39574,31141,1487
1081,1500,116,1106,54
1083,12000,1214,1085,7
1085,12000,1615,2599,23
1087,50,28,598,3
1089,34570,22120,225,2
1091,7000,5969,1830,3
1093,42665,39850,19121,1083
1095,227,1,105563,4452
1097,5415,388,2957,97
1099,2617,2084,45140,1990
1101,3807,325,5463,279
1103,3000,84,1291,26
1105,700,253,1892,13
1107,6500,3983,145,2
1109,6002,913,5419,133
1111,4416,3853,579,3
1113,33434,30676,14866,753
1115,292,111,32794,979
1117,4000,15,6833,148
1119,1042,953,45825,2551
1121,2955,2775,54084,768
1123,9854,9527,114398,8299
1125,10347,3124,1478,68
1127,44297,41135,13402,711
1129,225,25,59226,2098
1131,363,1,244710,6083
1133,3705,382,2497,79
1135,4474,4355,252936,10965
1137,350,18,2541,52
1139,7600,15,3735,153
1141,1400,28,2397,77
1143,9300,385,855,19
1145,8486,903,2738,124
1147,11877,11187,18053,824
1149,64070,59718,5110,288
1151,8000,1897,391,6
1153,866,221,11711,663
1155,239,4,5767,124
1157,1425,128,6291,472
1159,9737,780,4142,108
1161,3158,1865,16777,595
1163,22857,20949,28070,1599
1165,12158,545,2258,80
1167,261,1,13446,613
1169,947,2,148473,7061
1171,12000,137,1462,54
1173,1527,6,2260,129
1175,1250,88,995,19
1177,9000,359,1544,14
1179,3057,453,1873,82
1181,5488,691,2847,136
1183,20518,2053,1905,100
1185,25119,23438,1588,92
1187,656000,338541,442,17
1189,525,2,9454,202
1191,2038,86,7157,348
1193,8550,287,6662,159
1195,9832,1658,942,27
1197,4061,1061,7420,319
1199,16152,3042,2622,103
1201,36691,33546,22408,983
1203,38,1,5510,169
1205,30,16,9413,159
1207,75,4,3086,55
1209,250,68,2167,6
1211,2394,294,1945,67
1213,4649,4555,21529,769
1215,25480,18314,3269,113
1217,6500,67,1187,10
1219,24000,20635,58,1
1221,501,500,8,1
1223,14000,14000,10,1
1225,7000,6678,13,1
1227,30500,29002,69,1
1229,14250,12328,87,1
1231,27630,18635,309,6
1233,10250,8828,61,1
1237,11884,306,1601,51
1239,14200,3517,618,3
1241,17000,1357,171,7
1243,7928,294,760,54
1245,12250,3180,318,3
1247,45826,12217,984,40
1249,232800,73463,1498,53
1251,2500,2500,1,1
1253,1000,1000,0,999999999
1255,2500,2414,3,1
1257,8500,4468,654,1
1259,3500,3354,126,1
1261,28487,28250,9,1
1263,192280,185319,17,1
1265,39,18,1995,66
1267,2390,165,1521,78
1269,4275,677,1425,92
1271,14539,1793,1866,135
1273,9025,1881,1646,79
1275,22111,19013,10029,601
1277,21,16,3374,100
1279,24,16,1697,70
1281,300,57,2206,51
1283,1750,201,540,13
1285,850,279,1093,19
1287,1448,1000,214,2
1289,15000,12151,1461,12
1291,17,1,1609,21
1293,125,8,1105,40
1295,3715,121,3299,93
1297,5536,356,687,28
1299,675,523,1146,24
1301,1773,1249,1156,54
1303,20877,19029,12484,741
1305,76395,65289,3606,132
1307,5000,122,1349,16
1309,1800,11,5352,163
1311,1147,381,7311,98
1313,7874,924,1075,73
1315,5225,1271,3164,159
1317,7129,3534,7929,323
1319,42699,39634,25909,1759
1321,50,2,8595,107
1323,1425,10,12343,309
1325,2090,61,8690,249
1327,16150,2181,2038,89
1329,5685,414,6510,220
1331,10288,1759,4362,229
1333,24826,15569,23014,1157
1335,9500,590,1461,1
1337,4500,580,1105,4
1339,15750,373,2211,12
1341,2750,363,1484,21
1343,869,801,1704,3
1345,9916,2157,1149,64
1347,29097,25490,9074,601
1349,715,9,4976,147
1351,238,49,7211,164
1353,1187,11,4519,257
1355,5907,134,5240,249
1357,8621,568,3624,199
1359,12183,7259,19497,897
1361,20053,568,1110,68
1363,2400,124,1329,26
1365,500,182,2390,26
1367,958,486,502,21
1369,3750,769,2479,6
1371,2380,2204,1790,97
1373,27653,24967,15082,892
1375,40,1,2465,38
1377,152380,135071,1679,23
1379,24,3,5344,47
1381,6896,1577,4380,189
1383,3880,1580,2532,48
1385,5848,1082,1319,30
1387,1055,676,5869,317
1389,4500,174,1154,5
1391,8541,7864,1106975,48191
1393,9845,9076,66957,895
1395,9808,9202,19037,448
1397,9162,8969,868747,36825
1399,9562,9079,136683,3070
1401,80140,25848,1862,109
1403,36250,25273,2777,111
1405,46500,26052,1125,63
1407,40750,26055,345,8
1420,18,1,1427,38
1422,16,7,1344,23
1424,50,14,2181,34
1426,5000,1163,955,2
1428,10000,391,1787,12
1430,5750,638,1078,30
1432,9750,8383,989,21
1434,35405,31624,2240,74
1436,19,8,3617795,88971
1438,3638,44,28779,158
1440,822,128,96112,1181
1442,11400,2267,2926,51
1444,5460,150,39334,360
1446,5803,313,6397,105
1448,9147,66,4693,75
1452,5690,122,4508,35
1454,7959,175,2822,28
1456,66500,12415,1052,4
1462,8712,245,2716,29
1464,5,2,2595556,17424
1470,17230,953,4637,80
1472,17241,989,5099,115
1474,17238,1174,5024,100
1476,18050,1671,1516,76
1478,12728,2918,1381,83
1511,83,34,1559276,84004
1513,1241,1056,6378300,312185
1515,486,384,7949371,376680
1517,45,18,17262987,882494
1519,18,7,6501160,278649
1521,52,21,3915286,198451
1523,2766,169,30401,1477
1539,76,28,1126927,52628
1540,3135,114,46892,1906
1550,5300,36,6945,90
1552,20,15,90,1
1573,41,1,634,16
1592,950,176,956,34
1595,950,192,497,19
1597,950,323,601,27
1599,950,466,100,2
1601,3173,1983,154562,4756
1603,1104,892,249530,7177
1605,1647,886,295422,16335
1607,1164,355,337582,18971
1609,6961,296,29716,523
1611,9400,624,17144,166
1613,21000,1015,22602,221
1615,29560,16238,20234,131
1617,4176,3087,104734,2940
1619,1828,1381,295816,8466
1621,1921,1233,254528,13894
1623,1304,558,381963,21842
1625,8800,211,53718,188
1627,2000,369,44684,91
1629,5100,1038,33971,109
1631,29864,17149,22422,488
1635,190,98,36364,1553
1637,1568,586,181694,10784
1639,1906,1021,131931,6098
1641,1166,982,16942,336
1643,9159,1874,12380,99
1645,34500,16109,2345,74
1654,3810,167,40245,1765
1656,1900,679,26926,118
1658,1458,1335,6261,25
1660,1200,1053,11446,15
1662,2800,2229,9682,17
1664,23950,16786,162,13
1673,250,167,1495217,55896
1675,5200,2848,6362,3
1677,4600,2803,7371,3
1679,1225,950,63803,25
1681,3000,2685,19783,148
1683,50250,47890,232,1
1692,104,59,1245021,38270
1694,20400,979,11705,26
1696,17250,3045,5483,12
1698,4200,1062,46879,106
1700,3900,2443,16728,303
1702,43000,22484,994,7
1704,33173,17787,100516,4130
1712,35213,18211,39563,1510
1714,200,20,35089,30
1716,8000,19,75389,3
1718,11637,265,5638,83
1720,500,500,2705,1
1722,3500,3329,4432,1
1724,24750,8564,1454,7
1725,2030,1067,50719,2214
1727,1597,467,4979,202
1729,4500,900,1360,18
1731,5054,2388,31215,887
1733,180,37,7976,313
1734,33,4,2052737,26740
1735,36,19,296,28
1737,575,92,65494,1069
1739,206,100,1007740,55229
1741,348,134,756133,20921
1743,363,143,616398,27240
1745,1838,1577,1503875,51192
1747,3017,2565,219071,8722
1749,2964,2589,28193,662
1751,1980,1731,686772,18259
1753,1651,1401,1608385,42752
1755,168,32,2186,101
1757,446,120,901,28
1759,166,33,159804,5581
1761,317,123,1725109,71706
1759,166,33,159804,5581
1761,317,123,1725109,71706
1763,9500,439,2266,169
1765,9500,409,2886,140
1767,9500,419,4378,182
1769,9500,586,1223,69
1771,10000,622,1039,27
1773,10000,501,2296,29
1775,231,129,1706744,98436
1777,142,72,15256438,465487
1779,24,10,24194152,1507208
1781,115,57,160602,307
1783,80,36,1355288,70888
1785,170,116,1064,27
1787,3500,2759,1303,1
1789,300,294,536,1
1791,3325,226,1893,56
1793,2200,123,40913,53
1794,6000,184,2871,166
1823,1800,73,19876,382
1831,1800,244,7338,47
1833,11000,207,849,45
1835,9500,255,764,25
1837,1950,52,3180,102
1854,22,10,24304,121
1859,38,35,4,1
1861,90,90,0,999999999
1865,2,2,37,1
1869,3,3,1,1
1871,2,2,0,999999999
1873,1,1,1,1
1875,3,3,0,999999999
1877,1,1,0,999999999
1879,1,1,0,999999999
1881,125,125,0,999999999
1885,902,800,281,1
1887,88,41,628,26
1891,179,117,68993,3295
1897,320,130,6981,175
1905,143,1,3529,66
1907,154,22,5135,55
1909,949,300,1580,32
1911,156,125,74,2
1913,200,54,2589,11
1915,4000,3646,48,1
1917,242,64,121177,205
1919,116,50,11679,134
1921,600,39,75198,80
1923,73,21,181881,1441
1925,71,19,592172,6740
1927,4037,28,154245,240
1929,66,33,129774,333
1931,29,8,124812,2318
1933,191,38,87127,2358
1935,175,34,710750,19156
1937,265,61,3613183,194810
1939,15,4,7932802,504473
1941,4000,59,59145,337
1942,195,31,239762,3539
1944,250,38,29954,107
1947,55,12,8735,245
1949,3400,458,4351,134
1951,1425,162,4463,110
1953,450,258,23021,23
1955,180,24,1506170,2278
1957,380,29,27623,172
1959,12356,5470,1575,38
1961,37297,4373,5176,88
1963,240,45,167657,700
1965,106,28,27270,1455
1969,102,56,3088,46
1971,289,42,783412,1065
1973,90,17,444322,4163
1975,164,38,241021,10996
1978,3809,7,95934,519
1980,52,40,10932,25
1982,170,34,137768,1978
1985,150,12,456079,939
1987,94,20,5133448,218683
1989,74017,13324,677,16
1993,81,9,1945895,77252
2003,476,106,125763,1202
2007,20000,469,1957,37
2011,1194,300,2882,3
2015,126,20,1954,18
2017,23,20,89,3
2019,23,20,316,1
2021,22,20,271,1
2023,6,1,19,2
2025,68,5,335,18
2026,491,2,1418,14
2028,95,20,1089,18
2030,20,20,223,1
2032,22,20,313,1
2034,20,20,13,1
2036,20,20,21,1
2038,21,20,75,1
2040,20,20,15,1
2048,20,20,12,1
2054,21,20,12,1
2064,549,20,414,6
2074,20,20,83,1
2080,20,20,20,1
2084,127,20,319,12
2092,21,20,100,1
2102,9500,1351,2629,23
2104,13000,13000,53,1
2106,3000,2217,51,1
2108,7000,146,132671,161
2110,11000,10458,3003,1
2112,10500,4237,730,2
2114,119,63,287260,9456
2116,144,110,1736,9
2118,95,76,60253,378
2120,203,199,346,1
2122,180,180,10,1
2124,180,180,53,1
2126,6000,97,2237,105
2128,20500,8329,2016,4
2130,500,151,7923,15
2132,324,32,246800,307
2134,340,18,28396,201
2136,426,22,38064,313
2138,212,43,40866,536
2140,56,35,6769,382
2142,34,12,10543,84
2150,400,272,2773,7
2152,263,42,20951,161
2162,309,280,459,6
2164,5,2,40,1
2165,5,2,23,1
2166,11,5,87,1
2167,2,1,11,1
2169,62,5,300,3
2171,45,23,2718,201
2185,951,400,360,1
2187,481,400,249,1
2191,477,400,14,1
2195,427,400,20,1
2203,82610,75000,0,999999999
2205,430,400,2,1
2209,457,400,26,1
2213,418,400,20,1
2217,20000,2963,295,12
2219,40,40,0,999999999
2221,40,40,0,999999999
2223,40,40,1,1
2225,40,40,0,999999999
2227,40,40,0,999999999
2229,56,40,5909,1
2231,51,40,6519,1
2233,40,40,1699,1
2235,40,40,1939,1
2237,40,40,0,999999999
2239,40,40,0,999999999
2241,40,40,1,1
2243,40,40,13,1
2253,414,400,9,1
2255,433,400,24,1
2259,413,400,29,1
2277,424,400,21,21
2281,419,400,7,1
2283,232,195,49492,191
2289,689,362,156475,168
2293,5600,633,3125,39
2297,1154,506,216798,5636
2301,1038,632,102259,2140
2307,453,223,1198,14
2309,233,13,13236,859
2313,124,28,5567,132
2315,900,4,25118,135
2317,308,16,436,1
2319,829,8,1278,1
2321,5385,6,183,1
2323,329,264,1376,11
2325,9975,431,2009,93
2327,1000,153,1978,31
2337,204,200,3,1
2341,346,300,0,999999999
2343,85000,26562,27,1
2347,139,31,15778,373
2349,365,106,286529,10319
2351,263,172,2235679,86720
2353,630,453,8671694,176508
2355,3040,113,66226,956
2357,161,79,3376047,180866
2359,1148,907,1811036,86881
2361,2315,2126,1544318,69960
2363,14043,13102,148924,8519
2366,81388,70334,268,8
2368,806418,495000,27,1
2370,409,200,4945,9
2428,66,5,95017,685
2430,920,231,27628,969
2432,636,440,6017,51
2434,9276,6962,888060,39503
2436,1032,451,283621,14632
2438,7750,2746,13281,60
2440,6360,3637,270229,13191
2442,4130,992,123057,7197
2444,6553,2778,293295,11645
2446,1615,640,23817,711
2448,2755,1149,49932,1984
2450,8100,6754,2817,5
2452,1330,292,85087,1706
2454,1050,345,38210,152
2456,700,527,774,7
2458,366,340,568,5
2460,2150,497,762,2
2462,3150,569,1038,3
2464,4150,687,1143,7
2466,3150,667,1306,7
2468,2650,545,1492,4
2470,4150,920,788,16
2472,2050,409,1225,15
2474,94150,91511,61,2
2476,66000,42796,111,4
2481,1197,823,106771,913
2483,1384,1162,177522,3723
2485,1208,742,135538,4637
2487,1926,1489,25131,827
2489,7357,1919,5599,158
2491,3910,2330,11139,394
2493,3818,2260,8485,235
2495,14378,3639,4760,243
2497,5678,3489,22337,896
2499,5449,5250,97716,6852
2501,22610,6289,5350,111
2503,8528,7546,62432,685
2505,2112,1940,788184,10366
2507,3143,2888,30261,14
2509,3148,2910,196238,2909
2520,164,150,510,1
2522,186,150,421,1
2524,178,150,714,1
2526,162,150,339,5
2550,1982,910,535409,17987
2552,2394,1249,328520,13392
2568,1838,1001,13524,516
2570,5085,1911,14771,768
2572,32641,15013,23556,867
2577,25176465,12952420,1247,64
2579,673995,513604,661,44
2581,2908468,1718373,2247,92
2583,48000,21457,108,2
2585,54500,23811,83,2
2587,35500,17040,64,2
2589,29500,17319,63,2
2591,157616,90841,110,5
2593,150000,47404,125,3
2595,66500,32521,125,3
2597,99320,67064,117,4
2599,30000,11550,103,4
2601,17000,6223,102,3
2603,28500,6524,187,4
2605,10000,4315,139,3
2607,62000,27551,175,6
2609,35000,8904,147,7
2611,36000,19329,145,4
2613,28500,15194,154,8
2615,137878,46142,487,24
2617,113069,56686,459,21
2619,85360,42981,336,15
2621,84548,55255,317,23
2623,76832,40928,222,10
2625,62607,40453,249,6
2627,56935,23140,422,16
2629,65269,35824,327,11
2631,85000,49143,43,1
2633,90000,28897,47,2
2635,75000,35870,54,2
2637,80000,40053,78,3
2639,32493,9511,91,6
2641,47654,9824,108,5
2643,114451,61771,268,16
2645,220000,27953,126,1
2647,220000,40525,107,5
2649,220000,28453,97,5
2651,110017,18229,178,6
2653,238794,96910,405,18
2655,214491,75777,384,11
2657,161749,47654,326,17
2659,175878,80978,373,14
2661,274876,92943,400,19
2663,233819,85771,361,19
2665,210110,63098,317,11
2667,233645,102916,405,21
2669,115032,41956,296,7
2671,100509,39804,281,12
2673,91169,28813,281,9
2675,105325,38010,353,10
2859,680,324,9128,394
2861,38,16,7094,10
2862,850,370,7714,24
2864,40,25,4280,29
2865,7000,2335,42139,28
2866,412,296,39025,271
2876,11500,3101,8709,43
2878,6100,1642,1156,5
2890,49000,2744,543,28
2894,10000,4169,244,3
2896,10000,7201,115,1
2898,2000,1829,94,1
2900,2029,1353,796,7
2902,9000,1231,442,13
2904,15000,1740,1008,33
2906,6100,2430,390,1
2908,14200,7469,172,2
2910,8000,1642,1284,15
2912,10579,1019,821,38
2914,1350,995,1019,17
2916,1211,1014,97,4
2918,1140,1038,83,1
2920,985,879,605,1
2922,1947,813,1099,41
2924,2500,1694,166,2
2926,5000,3792,203,3
2928,8400,6780,195,1
2930,10400,6653,248,1
2932,4700,574,364,16
2934,3800,1884,338,4
2936,11000,6412,215,1
2938,7400,5479,178,2
2940,1400,1150,626,2
2942,15000,858,549,17
2955,3500,2890,234,1
2961,15445,25,2362,34
2970,962,104,413413,13671
2972,120,100,124,1
2974,119,100,32,1
2976,950,523,652,1
2997,7500000,7500000,8,1
2998,2178,1367,127186,6836
3000,7197,5509,149383,4105
3002,2277,1912,217403,1660
3004,7510,5904,151891,4776
3008,855,446,137882,6027
3010,621,307,109468,6402
3012,431,399,157,1
3014,200,188,531,1
3016,3822,1933,220381,10492
3018,2687,1450,144931,5071
3020,1710,1599,239,9
3022,848,787,934,5
3024,9497,6789,381121,15191
3026,6873,5085,104503,2445
3028,4297,3351,2484,48
3030,2148,1722,1109,18
3032,4900,452,8938,317
3034,3600,803,4980,85
3036,2400,1952,72,3
3038,1200,1049,691,1
3040,1995,617,142502,5953
3042,1500,560,90566,88
3044,1000,628,383,15
3046,531,476,2311,12
3049,2141,1403,36941,1882
3051,7215,5437,80108,3209
3053,11366,9302,3545,143
3054,137000,56509,65,1
3093,111,95,633,2
3094,11,11,0,999999999
3095,2,1,56,1
3096,1200,1034,166,1
3097,4500,203,410,7
3098,19569,18750,9,1
3099,4000,3523,139,1
3100,14468,14062,86,1
3101,36500,11725,142,4
3105,760,292,44559,956
3107,2481,840,248,14
3122,89750,34734,892,50
3123,36889,24365,157,1
3125,20000,1586,1418,8
3138,533,194,194237,1736
3140,2566058,1751911,1138,52
3142,979,625,994977,30297
3144,1468,743,1442088,74694
3157,27100,14970,120,2
3159,27100,16570,49,2
3162,1,1,346,1
3183,3500,288,1026,35
3188,32000,927,476,17
3190,160,150,5,1
3192,285,250,28,1
3194,25000,24122,6,1
3196,35500,32258,24,1
3198,62000,56029,24,2
3200,45000,12030,515,18
3202,66756,40096,1188,50
3204,174028,164293,3948,184
3211,13500,411,1806,57
3216,23,5,147,1
3226,12000,8882,9976,1
3228,17000,4368,261,6
3239,3750,3132,1848,1
3325,1621,45,1517,2
3327,18500,13149,739,1
3329,9200,5119,252,2
3331,9200,7583,187,2
3333,46500,22141,265,6
3335,22500,18555,93,1
3337,24000,19752,657,1
3339,3000,2529,125,1
3341,9000,7806,213,1
3343,33500,5283,343,10
3345,4500,3376,51,1
3347,6000,4714,58,1
3349,6500,5902,38,1
3351,13200,9476,69,1
3353,2700,2235,43,1
3355,7400,6095,193,1
3357,12500,11373,16,1
3359,2000,1820,10,1
3361,5389,4970,70,1
3363,6000,1602,712,16
3365,44000,32600,87,2
3367,4500,2824,457,12
3369,72,50,62,1
3371,86,70,10,1
3373,153,120,28,1
3379,47000,836,503,8
3381,72500,933,161,1
3385,40500,13795,136,4
3387,74970,27182,940,43
3389,71913,23978,841,33
3391,19000,4320,448,8
3393,82000,30001,175,3
3396,1750,133,10871,7
3398,260,250,36,1
3400,754,700,144,3
3402,2404,2350,157,1
3404,4166,3850,2568,14
3406,400,383,60,1
3408,120,76,20006,7
3410,90,33,26363,8
3412,60,54,18,1
3414,30,29,3,1
3420,1570,166,20043,368
3422,40,28,12235,10
3424,30,30,35,1
3426,20,20,2,1
3428,11,10,4,1
3430,7500,4492,9056,11
3432,5625,4716,818,14
3434,3750,3673,12,1
3436,1875,1391,60,1
3438,16500,14258,833,1
3440,3323,3250,133,1
3442,1807,1750,26,2
3444,7100,6310,112,2
3446,31500,28561,544,3
3448,11700,8205,3296,1
3470,15500,13320,635,2
3472,15000,6855,38,1
3473,50000,10206,60,1
3474,21000,5975,57,1
3475,18500,4082,104,2
3476,52688,37955,234,6
3477,45500,39388,167,5
3478,95587,39780,193,4
3479,86147,39357,211,4
3480,55000,39156,156,8
3481,595000,300904,170,6
3483,1888739,1441654,267,10
3485,305000,157035,135,3
3486,290000,126011,131,6
3488,415000,209294,148,2
3678,10000,7230,130,1
3749,66702,42546,1874,104
3751,59823,39160,6654,318
3753,65769,46989,607,30
3755,54316,38433,843,47
3759,10000,3678,174,6
3761,10000,5860,187,1
3763,10000,6727,47,1
3765,10000,2771,212,6
3767,2000,1657,102,2
3769,2048,2000,9,1
3771,2040,2000,6,1
3773,2635,2000,54,2
3775,2181,1992,43,2
3777,10000,2844,158,6
3779,10000,5728,148,2
3781,10000,3544,144,1
3783,10000,7229,38,1
3785,10000,3260,98,3
3787,10000,4644,141,1
3789,10000,2159,571,8
3791,10000,1972,360,9
3793,14000,9151,46,1
3795,3503,3337,19,1
3797,6000,3971,273,4
3799,20000,2136,623,5
3801,2037,1780,807,6
3803,13,10,55,1
3827,24101,6277,382,16
3828,24092,6188,371,18
3829,24082,6415,440,17
3830,24086,6128,356,16
3831,1650206,650456,395,22
3832,1465965,649625,413,18
3833,1174692,634791,394,16
3834,1136417,627615,399,22
3835,58513,16494,368,21
3836,53612,17012,341,22
3837,58847,19310,316,19
3838,53565,17511,328,20
3853,1911,875,112555,4247
4012,516,250,966,19
4014,323,300,269,1
4016,1,1,11,1
