558,0
554,0
556,0
7936,0
314,0
555,0
561,1
2,1
557,0
562,0
1779,0
560,1
1517,1
453,1
1777,1
884,0
810,1
11875,1
440,1
565,1
385,1
809,1
563,1
1939,0
882,0
383,1
863,0
9075,1
62,1
1515,1
227,0
886,0
823,0
8882,0
10034,1
1987,0
1513,1
1519,0
851,1
890,0
892,1
2353,1
379,1
377,1
822,0
859,1
444,1
9142,1
1937,1
8778,1
1521,1
53,0
2357,1
52,0
808,0
559,0
4740,1
536,1
1436,0
888,0
7946,1
66,1
4699,0
1993,0
9243,1
7944,1
566,1
1464,0
9143,1
373,1
361,1
447,1
6306,0
1775,1
70,1
313,0
9144,1
567,0
359,0
2351,1
1673,0
231,0
10087,0
2361,1
371,1
3144,1
1734,0
1761,0
58,0
1692,0
229,0
10033,0
1511,1
2359,1
9379,0
8782,1
41,0